SNP1 SNP2 SNP3 SNP4 SNP5 SNP6 SNP7 SNP8 SNP9 SNP10 SNP11 SNP12 SNP13 SNP14
1 0 0 0 0 0 0 1 0 1 0 0 0 1
0 0 0 0 0 0 1 0 0 0 0 0 1 0
0 0 0 0 0 0 2 0 1 0 0 1 1 0
0 0 0 0 0 1 0 0 0 0 0 0 0 0
0 0 0 0 0 0 1 0 0 0 0 0 0 0
0 0 0 0 0 0 0 0 0 0 0 0 0 0
0 0 0 0 0 0 1 0 0 0 0 0 0 0
0 0 0 0 0 1 1 0 0 0 0 1 1 0
0 0 0 0 0 0 1 0 0 0 0 0 0 0
0 0 0 0 0 1 1 0 0 0 0 0 0 0
0 0 0 0 0 0 1 0 0 0 0 0 0 0
1 0 0 0 0 0 0 1 0 0 0 0 0 0
0 0 0 0 0 0 1 0 0 0 0 0 0 0
1 0 0 0 0 0 1 1 0 0 0 0 1 0
1 0 0 0 0 0 1 1 0 0 0 0 1 0
0 0 0 0 0 1 1 0 0 0 0 1 1 0
0 0 0 0 0 1 1 0 0 0 1 0 1 0
0 0 0 0 0 1 1 0 0 0 0 1 1 0
0 0 0 0 0 1 1 0 0 0 0 0 1 0
0 0 0 0 0 0 2 0 1 0 0 0 0 0
0 0 0 0 0 0 0 0 0 0 0 0 0 0
0 0 0 0 0 1 1 0 0 0 0 0 0 0
0 0 0 0 0 0 1 0 0 0 0 0 1 0
1 0 0 0 0 0 0 1 0 1 0 0 0 1
1 0 0 0 0 0 1 1 0 0 0 0 1 0
0 0 0 0 0 1 1 0 0 0 0 0 0 0
0 0 0 0 0 0 2 0 0 0 0 0 2 0
0 1 0 0 0 0 2 0 1 0 0 0 0 0
0 0 0 0 0 1 0 0 0 0 0 0 1 0
0 0 0 0 0 1 1 0 0 0 0 0 0 0
0 0 0 0 0 0 2 0 0 0 0 0 1 0
0 0 0 0 0 2 0 0 0 0 0 1 1 0
0 0 0 0 0 2 0 0 0 0 0 0 0 0
0 0 0 0 0 0 2 0 0 0 0 2 2 0
0 0 0 0 0 0 1 0 0 0 0 0 0 0
0 0 0 0 0 1 1 0 1 0 0 1 1 0
0 0 0 0 0 0 2 0 0 0 0 0 1 0
0 0 0 0 0 1 0 0 0 0 0 0 1 0
0 0 0 0 0 2 0 0 0 0 0 0 1 0
1 0 0 0 0 0 1 1 0 0 0 0 0 0
1 0 0 0 0 1 0 1 0 0 0 0 0 0
0 1 0 0 0 0 2 0 1 0 0 0 0 0
1 0 0 0 0 0 1 1 1 0 0 0 0 0
0 0 0 0 0 2 0 0 0 0 0 1 2 0
0 0 0 0 0 0 2 0 0 0 0 0 2 0
0 0 0 0 0 1 1 0 1 0 0 1 1 0
0 0 0 0 0 0 2 0 0 0 0 1 2 0
1 0 0 0 0 1 0 1 0 0 0 0 0 0
0 0 0 0 0 0 0 0 0 1 0 0 0 1
0 0 0 0 0 1 0 0 0 0 0 0 0 0
0 0 0 0 0 1 0 0 0 1 0 0 0 0
0 0 0 0 0 0 2 0 0 0 0 0 1 0
0 0 0 0 0 0 2 0 0 0 0 0 1 0
0 0 0 0 0 0 1 0 0 0 0 0 1 0
0 0 0 0 0 1 0 0 0 0 0 0 1 0
1 0 0 0 0 0 1 1 0 0 0 0 0 0
0 0 0 0 0 1 1 0 0 0 0 0 1 0
0 0 0 0 0 0 0 0 0 0 0 0 0 0
1 0 0 0 0 0 0 1 0 0 0 0 0 0
0 0 0 0 0 0 1 0 0 0 0 0 0 0
1 0 0 0 0 1 0 1 0 0 0 0 0 0
0 0 0 0 0 1 0 0 0 0 0 0 1 0
0 0 0 0 0 0 2 0 0 0 0 0 1 0
0 0 0 0 0 0 1 0 0 0 0 0 1 0
0 0 0 0 0 0 1 0 0 0 0 0 1 0
0 0 0 0 0 1 1 0 0 0 0 0 1 0
1 0 0 0 0 0 0 1 0 0 0 0 1 0
0 0 0 0 0 0 1 0 0 0 0 0 1 0
0 0 0 0 0 0 2 0 0 0 0 0 1 0
0 0 0 0 0 2 0 0 0 0 0 0 1 0
0 0 0 0 0 0 0 0 0 1 0 0 1 1
0 0 0 0 0 1 1 0 0 0 0 0 0 0
0 0 0 0 0 1 0 0 0 0 0 0 0 0
0 0 0 0 0 1 0 0 0 0 0 0 1 0
0 0 0 0 0 0 0 0 0 0 0 0 0 0
0 0 0 0 0 1 0 0 0 1 0 0 0 1
1 0 0 0 0 0 1 1 0 0 0 0 0 0
0 0 0 0 0 1 0 0 0 0 0 0 0 0
0 0 0 0 0 0 1 0 0 0 0 0 1 0
1 0 0 0 0 0 1 1 0 0 0 0 0 0
1 0 0 0 0 0 0 1 0 0 0 0 1 0
0 0 0 0 0 1 1 0 0 0 0 1 2 0
0 0 0 0 0 1 0 0 0 0 0 0 0 0
0 0 0 0 0 1 0 0 0 1 0 0 0 1
1 0 0 0 0 1 0 1 0 0 0 0 0 0
0 0 0 0 0 1 1 0 0 0 0 0 0 0
0 0 0 0 0 1 1 0 0 0 0 0 0 0
0 0 0 0 0 0 0 0 0 1 0 0 0 0
1 0 0 0 0 0 0 1 0 1 0 0 0 0
0 0 0 0 0 1 0 0 0 0 0 0 0 0
0 0 0 0 0 1 1 0 0 0 0 0 0 0
0 0 0 0 0 1 0 0 0 0 0 0 0 0
0 0 0 0 0 0 1 0 0 0 0 0 1 0
0 0 0 0 0 0 1 0 0 0 0 0 0 0
0 0 0 0 0 1 1 0 0 0 0 0 1 0
0 0 0 0 0 0 1 0 0 0 0 1 1 0
1 0 0 0 0 0 1 1 0 0 1 0 1 0
1 0 0 0 0 1 0 1 0 0 0 0 0 0
1 0 0 0 0 1 0 1 0 0 0 0 0 0
0 0 0 0 0 0 1 0 0 0 0 0 1 0
0 0 0 0 0 0 0 0 0 0 0 0 1 0
1 0 0 0 0 0 0 1 0 0 0 0 0 0
0 0 0 0 0 0 0 0 0 1 0 0 0 1
0 0 0 0 0 1 1 0 0 0 0 0 0 0
0 0 0 0 0 1 0 0 0 0 0 0 0 0
1 0 0 0 0 0 1 1 0 0 0 0 0 0
0 0 0 0 0 0 2 0 0 0 0 0 2 0
0 0 0 0 0 1 1 0 0 0 0 0 0 0
0 0 0 0 0 0 0 0 0 0 0 0 0 0
0 0 0 0 0 1 0 0 0 0 0 0 0 0
0 0 0 0 0 0 1 0 0 0 1 0 1 0
1 0 0 0 0 0 1 1 0 0 0 0 0 0
2 0 0 0 0 0 0 2 0 0 0 0 1 0
1 0 0 0 0 0 1 1 0 0 0 0 0 0
0 0 0 0 0 1 1 0 1 0 0 0 1 0
0 0 0 0 0 1 0 0 0 0 0 0 0 0
1 0 0 0 0 1 1 1 0 0 0 0 0 0
1 0 0 0 0 1 0 1 0 0 0 0 0 0
0 0 0 0 0 2 0 0 0 0 0 0 0 0
1 0 0 0 0 1 0 1 0 0 0 0 1 0
0 0 0 0 0 0 1 0 0 0 0 0 1 0
0 0 0 0 0 0 0 0 0 0 0 0 0 0
0 0 0 0 0 1 1 0 0 0 0 0 1 0
0 0 0 0 0 0 1 0 0 0 0 0 2 0
0 0 0 0 0 0 0 0 0 1 0 0 0 0
0 0 0 0 0 0 1 0 0 0 0 0 0 0
0 0 0 0 0 0 2 0 0 0 0 0 2 0
0 0 0 0 0 0 1 0 0 1 0 0 1 1
1 0 0 0 0 0 0 1 0 0 0 0 0 0
0 0 0 0 0 1 0 0 0 0 0 0 0 0
1 0 0 0 0 1 0 1 0 0 0 0 1 0
0 0 0 0 0 0 1 0 0 0 0 1 1 0
0 0 0 0 0 0 1 0 0 0 0 0 1 0
1 0 0 0 0 0 0 1 0 0 0 0 1 0
0 0 0 0 0 0 1 0 0 0 0 0 1 0
0 0 0 0 0 0 0 0 0 0 0 0 1 0
0 0 0 0 0 1 0 0 0 0 0 0 0 0
1 0 0 0 0 0 1 1 0 0 0 1 1 0
0 0 0 0 0 1 0 0 0 0 0 0 0 0
1 0 0 0 0 0 0 1 0 1 0 0 0 1
0 0 0 0 0 1 0 0 0 0 0 0 0 0
0 0 0 0 0 0 0 0 0 0 0 0 1 0
1 0 0 0 0 0 0 1 0 0 0 0 1 0
0 0 0 0 0 1 1 0 0 0 0 0 1 0
1 0 0 0 0 0 1 1 0 0 0 0 0 0
0 0 0 0 0 1 1 0 0 0 0 0 2 0
0 0 0 0 0 0 0 0 0 0 0 0 0 0
1 0 0 0 0 0 0 1 0 0 0 0 0 0
0 0 0 0 0 1 0 0 0 0 0 0 0 0
0 0 0 0 0 0 1 0 0 0 0 0 0 0
0 0 0 0 0 0 0 0 0 0 0 0 0 0
1 0 0 0 0 0 0 1 0 0 0 0 1 0
1 0 0 0 0 0 1 1 0 0 0 0 0 0
0 0 0 0 0 1 1 0 0 0 1 0 1 0
0 0 0 0 0 0 0 0 0 1 0 0 0 0
0 0 0 0 0 1 0 0 0 0 0 0 1 0
0 0 0 0 0 0 2 0 0 0 0 0 0 0
1 0 0 0 0 0 0 1 0 0 0 0 0 0
0 0 0 0 0 0 0 0 0 0 0 0 1 0
0 0 0 0 0 2 0 0 0 0 0 0 1 0
0 0 0 0 0 0 2 0 0 0 0 0 1 0
0 0 0 0 0 1 0 0 0 0 0 0 0 0
0 0 0 0 0 1 0 0 0 0 0 0 1 0
1 0 0 0 0 0 1 1 0 0 0 0 0 0
0 0 0 0 0 0 1 0 0 0 0 0 1 0
0 0 0 0 0 0 2 0 0 0 0 0 0 0
1 0 0 0 0 1 0 1 1 0 0 0 0 0
1 0 0 0 0 1 0 1 0 0 0 0 0 0
0 0 0 0 0 1 0 0 0 0 0 0 0 0
0 0 0 0 0 0 0 0 0 0 0 0 0 0
0 0 0 0 0 0 1 0 0 0 0 0 1 0
0 0 1 0 0 1 2 0 0 0 0 0 1 0
0 0 0 0 0 0 1 0 0 0 0 0 0 0
0 0 0 0 0 1 0 0 0 0 0 0 0 0
0 0 0 0 0 1 0 0 0 0 0 0 0 0
0 0 0 0 0 2 0 0 0 0 0 0 1 0
1 0 0 0 0 1 0 1 0 0 0 0 0 0
1 0 0 0 0 0 0 1 0 0 0 0 0 0
0 0 0 0 0 0 2 0 0 0 0 0 0 0
0 0 0 0 0 2 0 0 0 0 0 1 1 0
1 0 0 0 0 1 0 1 0 0 0 0 0 0
1 0 0 0 0 0 1 1 0 0 0 0 1 0
1 0 0 0 0 0 0 1 0 0 0 0 0 0
0 0 0 0 0 0 0 0 0 1 0 0 0 1
0 0 0 0 0 1 0 0 0 0 0 0 0 0
0 0 0 0 0 1 1 0 0 0 0 0 1 0
0 0 0 0 0 1 1 0 0 0 0 0 1 0
0 0 0 0 0 0 2 0 0 0 0 0 1 0
0 0 0 0 0 0 1 0 0 1 0 0 1 1
0 0 0 0 0 2 0 0 0 0 0 0 1 0
0 0 0 0 0 1 1 0 0 0 0 0 1 0
0 0 0 0 0 0 2 0 0 0 0 0 0 0
0 0 0 0 0 0 1 0 0 0 0 0 0 0
0 0 0 0 0 0 1 0 0 0 0 1 1 0
1 0 0 0 0 1 0 1 0 0 0 0 0 0
0 0 0 0 0 0 1 0 0 0 0 0 1 0
1 0 0 0 0 0 1 1 0 0 0 0 1 0
2 0 0 0 0 0 0 2 0 0 0 0 0 0
0 0 0 0 0 0 1 0 0 0 0 0 0 0
1 0 0 0 0 0 1 1 0 0 0 0 0 0
0 0 0 0 0 0 1 0 0 1 0 0 1 0
0 0 0 1 0 1 1 0 0 0 0 0 0 0
0 0 0 0 0 0 1 0 0 0 0 0 0 0
1 0 0 0 0 0 1 1 0 0 0 0 0 0
0 0 0 0 0 0 0 0 0 0 0 0 1 0
1 0 0 0 0 1 0 1 0 0 0 0 1 0
0 0 0 1 0 1 1 0 0 0 0 0 0 0
0 0 0 0 0 0 1 0 0 1 0 0 0 1
0 0 0 0 0 1 0 0 0 0 0 0 1 0
0 0 0 0 0 0 1 0 0 0 0 0 0 0
0 0 1 0 0 0 1 0 0 0 0 1 1 0
0 0 0 0 0 0 0 0 0 1 0 0 0 1
0 0 0 0 0 0 1 0 0 0 0 0 0 0
1 0 0 0 0 0 1 1 0 0 0 0 0 0
2 0 0 0 0 0 0 2 0 0 0 0 1 0
1 0 0 0 0 0 0 1 0 0 0 0 0 0
1 0 0 0 0 0 0 1 0 0 0 0 0 0
0 0 0 0 0 2 0 0 0 0 0 0 0 0
1 0 0 0 0 0 1 1 0 0 0 0 1 0
0 0 0 0 0 0 1 0 0 0 0 0 0 0
0 0 0 0 0 0 2 0 0 0 0 0 1 0
1 0 0 0 0 1 0 1 0 0 0 0 2 0
0 1 0 0 0 1 1 0 1 0 0 0 0 0
1 0 0 0 0 0 1 1 0 0 0 0 0 0
0 0 0 0 0 0 2 0 0 0 0 0 1 0
0 0 0 0 0 1 1 0 0 0 0 1 1 0
0 0 0 0 0 1 1 0 0 1 0 0 0 1
0 0 0 0 0 0 2 0 0 0 0 0 1 0
0 0 0 0 0 0 1 0 0 0 0 1 2 0
1 0 0 0 0 0 0 1 0 0 0 0 0 0
0 0 0 0 0 1 1 0 0 0 0 1 1 0
1 0 0 0 0 0 0 1 0 0 0 0 0 0
1 0 0 0 0 0 0 1 0 0 0 0 0 0
0 0 0 0 0 0 1 0 1 0 0 1 1 0
0 0 0 0 0 0 1 0 0 0 0 0 0 0
0 0 0 0 0 0 1 0 0 0 0 0 1 0
0 0 0 0 0 2 0 1 0 0 0 0 0 0
0 0 0 0 0 0 1 0 0 0 0 0 0 0
1 0 0 0 0 1 0 1 0 0 0 0 0 0
0 0 0 0 0 1 1 0 0 0 0 0 0 0
0 0 0 0 0 2 0 0 0 0 0 0 0 0
1 0 0 0 0 1 0 1 0 0 0 0 1 0
1 0 0 0 0 0 1 1 0 0 0 0 0 0
0 0 0 0 0 1 1 0 0 0 0 0 2 0
0 0 0 0 0 0 0 0 0 0 0 0 0 0
0 0 0 0 0 0 0 0 0 0 0 0 0 0
0 0 0 0 0 0 1 0 0 0 0 0 0 0
1 0 0 0 0 0 0 1 0 1 0 0 0 1
1 0 0 0 0 0 1 1 0 0 0 0 0 0
0 0 0 0 0 0 1 0 0 0 0 0 0 0
0 0 0 0 0 0 2 0 2 0 0 2 2 0
0 0 0 0 0 0 0 0 0 1 0 0 0 1
0 0 0 0 0 0 0 0 0 1 0 0 0 1
2 0 0 0 0 0 0 2 0 0 0 1 1 0
0 0 0 0 0 0 1 0 1 0 0 1 1 0
0 0 0 0 0 0 2 0 0 0 0 0 1 0
0 0 0 0 0 0 1 0 0 0 0 0 0 0
1 0 0 0 0 0 0 1 0 0 0 0 0 0
0 0 0 0 0 1 1 0 0 0 0 0 1 0
1 0 0 0 0 0 1 1 0 0 1 0 1 0
1 0 0 0 0 0 1 1 0 0 0 0 1 0
0 0 0 0 0 2 0 0 0 0 0 0 1 0
0 0 0 0 0 2 1 0 0 0 0 0 0 0
2 0 0 0 0 0 0 2 0 0 0 0 0 0
0 0 0 0 0 1 1 0 0 0 0 0 0 0
0 0 0 0 0 0 2 0 1 0 0 1 1 0
0 0 0 0 0 0 0 0 0 1 0 0 0 0
0 0 0 0 0 0 2 0 0 0 0 0 2 0
0 0 0 0 0 1 1 0 0 0 0 0 0 0
0 0 0 0 0 1 1 0 0 0 0 0 1 0
0 0 0 0 0 0 1 0 0 0 0 0 0 0
1 0 0 0 0 1 0 1 0 0 0 0 1 0
0 0 0 0 0 0 1 0 0 0 0 0 0 0
0 0 0 0 0 1 0 0 0 1 0 0 0 1
0 0 0 0 0 0 1 0 0 0 0 1 1 0
0 0 0 0 0 1 0 0 0 0 0 1 1 0
0 0 0 0 0 0 2 0 0 0 0 0 1 0
0 0 0 0 0 1 0 0 0 0 0 0 0 0
0 0 0 0 0 0 1 0 1 1 0 1 1 0
1 0 0 0 0 0 1 1 0 0 0 0 1 0
0 0 1 0 0 0 1 0 0 0 0 1 2 0
1 0 0 0 0 1 0 1 0 0 0 0 0 0
0 0 0 0 0 0 0 0 0 1 0 0 0 0
0 1 0 0 0 0 1 0 1 0 0 0 0 0
0 0 0 0 0 0 1 0 0 0 0 0 0 0
1 0 0 0 0 1 0 1 0 0 0 0 0 0
0 0 0 0 0 1 1 0 0 0 0 1 1 0
0 0 0 0 0 2 0 0 0 0 0 0 0 0
0 0 0 0 0 0 2 0 0 0 0 0 2 0
0 0 0 0 0 0 2 0 0 0 0 0 0 0
0 0 0 0 0 0 1 0 0 0 0 1 1 0
1 0 0 0 0 0 0 1 0 0 0 0 0 0
1 0 0 0 0 1 0 1 0 0 0 0 0 0
0 0 0 0 0 0 0 0 0 0 0 0 0 0
0 0 0 0 0 1 0 0 0 0 0 0 0 0
2 0 0 0 0 0 0 2 0 0 0 0 0 0
1 0 0 0 0 0 1 1 0 0 0 0 0 0
0 0 0 0 0 1 1 0 0 0 0 0 0 0
0 0 0 0 0 1 1 0 0 0 0 0 0 0
0 0 0 0 0 1 0 0 0 0 0 0 0 0
1 0 0 0 0 0 1 1 0 0 0 0 1 0
0 0 0 0 0 0 1 0 0 0 0 0 2 0
1 0 0 0 0 0 0 1 0 0 0 0 1 0
0 0 0 0 0 0 1 0 0 0 0 0 1 0
1 0 0 0 0 0 1 1 0 0 0 0 1 0
1 0 0 0 0 1 0 1 0 0 0 0 0 0
0 0 0 0 0 0 1 0 0 0 0 0 0 0
0 0 0 0 0 1 1 0 0 0 0 0 1 0
0 0 0 0 0 1 0 0 0 0 0 0 0 0
1 0 0 0 0 0 1 1 0 0 0 0 1 0
0 0 0 0 0 1 0 0 0 0 0 0 0 0
0 0 0 0 0 1 1 0 0 0 0 2 2 0
1 0 0 0 0 0 0 1 0 0 0 0 0 0
1 0 0 0 0 0 0 1 0 0 0 0 0 0
0 0 0 0 0 0 0 0 0 0 0 0 0 0
1 0 0 0 0 0 0 1 0 0 0 0 0 0
1 0 0 0 0 0 0 1 0 0 0 0 0 0
0 0 0 0 0 1 1 0 0 0 0 0 0 0
0 0 0 0 0 1 0 0 0 0 0 0 0 0
1 0 0 0 0 1 0 1 0 0 0 0 1 0
0 0 0 0 0 0 0 0 0 0 0 0 1 0
2 0 0 0 0 0 0 2 0 0 0 0 0 0
0 0 0 0 0 2 0 0 0 0 0 0 0 0
1 0 0 0 0 0 0 1 0 1 0 0 0 0
0 0 0 0 0 1 0 0 0 0 0 0 0 0
0 0 0 0 0 0 1 0 0 0 0 0 1 0
2 0 0 0 0 0 0 2 0 0 0 0 0 0
0 0 0 0 0 0 1 0 0 0 0 0 0 0
0 0 0 0 0 1 1 0 0 0 0 0 1 1
0 0 0 0 0 1 0 0 0 0 0 0 0 0
0 0 0 0 0 0 2 0 0 0 0 0 1 0
1 0 0 0 0 0 0 1 0 0 0 0 0 0
1 0 0 0 0 1 0 1 0 0 0 0 1 0
0 0 0 0 0 0 1 0 0 0 0 0 1 0
0 0 0 0 0 1 1 0 0 0 0 1 2 0
0 0 0 0 0 1 1 0 0 0 0 0 0 0
0 0 0 0 0 0 1 0 0 0 0 0 1 0
0 0 0 0 0 0 1 0 0 0 0 0 2 0
1 0 0 0 0 0 1 1 1 0 0 0 0 0
0 0 0 0 0 1 0 0 0 1 0 0 0 0
1 0 0 0 0 0 1 1 0 0 0 0 0 1
0 0 0 0 0 0 2 0 0 0 0 0 1 0
1 0 0 0 0 0 0 1 0 0 0 0 0 0
0 0 0 0 0 1 0 0 0 0 0 0 0 0
0 0 0 0 0 0 0 0 0 0 0 0 0 0
1 0 0 0 0 1 0 1 0 0 0 0 0 0
0 0 0 0 0 0 0 0 0 0 0 0 0 0
0 0 0 0 0 0 0 0 0 0 0 0 0 0
0 0 0 0 0 0 2 0 0 0 0 1 2 0
0 0 0 0 0 2 0 0 0 0 0 0 0 0
0 0 0 0 0 1 0 0 0 0 0 0 0 0
0 0 0 0 0 0 0 0 0 1 0 0 0 1
0 0 0 0 0 0 1 0 0 0 0 0 1 0
0 0 0 0 0 0 1 0 0 0 0 0 0 0
0 0 0 0 0 0 0 0 0 0 0 0 0 0
0 0 0 0 0 1 0 0 0 0 0 0 0 0
0 0 0 0 0 1 0 0 0 0 0 1 2 0
1 0 0 0 0 0 0 1 0 0 0 0 0 0
0 0 0 0 0 0 2 0 0 0 0 0 2 0
1 0 0 0 0 1 0 1 0 0 0 0 0 0
1 0 0 0 0 0 0 1 0 1 0 0 0 0
0 0 0 0 0 0 1 0 0 0 0 0 1 0
1 0 0 0 0 0 0 1 0 0 0 0 1 0
0 0 0 0 0 0 1 0 0 0 0 0 1 0
1 0 0 0 0 1 0 1 0 0 0 0 0 0
1 0 0 0 0 0 1 1 0 0 0 0 0 0
0 0 0 0 0 0 0 0 0 0 0 0 0 0
1 0 0 0 0 0 1 1 0 0 0 0 0 0
0 0 0 0 0 0 0 0 0 0 0 0 0 0
1 0 0 0 0 0 1 1 0 0 0 0 1 0
0 0 0 0 0 0 1 0 0 0 0 0 0 0
0 0 0 0 0 1 1 0 1 0 0 0 0 0
1 0 0 0 0 0 1 1 0 0 0 0 0 0
1 0 0 0 0 0 0 1 0 0 0 0 0 0
0 0 0 0 0 0 0 0 0 1 0 0 0 1
1 0 0 0 0 0 1 1 0 0 0 0 0 0
0 0 0 0 0 0 2 0 0 0 0 1 2 0
1 0 0 0 0 0 0 1 0 0 0 0 0 0
0 0 0 0 0 0 1 0 0 0 0 0 0 0
0 0 0 0 0 0 1 0 0 0 0 0 1 0
1 0 0 0 0 0 0 1 0 0 0 0 0 0
1 0 0 0 0 0 1 1 0 0 0 0 0 0
0 0 0 0 0 1 1 0 0 0 0 0 1 0
0 0 0 0 0 0 1 0 0 0 0 0 1 0
2 0 0 0 0 0 0 2 0 0 0 0 0 0
0 0 0 0 0 0 1 0 0 0 0 0 0 0
1 0 0 0 0 0 1 1 0 0 0 0 0 0
0 0 0 0 0 0 1 0 0 0 0 0 1 0
0 0 0 0 0 1 0 0 0 0 0 0 0 0
0 0 0 0 0 0 2 0 0 0 0 0 0 0
0 0 0 0 0 2 0 0 0 0 0 0 1 0
0 0 0 0 0 1 0 0 0 0 0 0 1 0
1 0 0 0 0 0 1 1 0 0 0 0 0 1
0 0 0 0 0 0 2 0 1 0 0 1 1 0
0 0 0 0 0 2 0 0 0 0 0 0 0 0
0 0 0 0 0 0 0 0 0 0 0 0 0 0
0 0 0 0 0 1 1 0 1 0 0 0 0 0
1 0 0 0 0 0 0 1 0 0 0 0 0 0
0 0 0 0 0 0 0 0 0 0 0 0 0 0
1 0 0 0 0 1 1 1 1 0 0 0 0 0
1 0 0 0 0 1 0 1 0 0 0 0 0 0
0 0 0 0 0 1 1 0 0 0 0 0 1 0
0 0 0 0 0 0 2 0 0 0 0 0 1 0
0 0 0 0 0 2 0 0 0 0 0 1 1 0
0 0 0 0 0 0 2 0 0 0 0 0 1 0
1 0 0 0 0 0 1 1 0 0 0 0 0 0
0 0 0 0 0 0 2 0 0 0 0 0 2 0
1 0 0 0 0 0 1 1 0 0 0 0 0 0
0 0 0 0 0 1 0 0 0 0 0 0 0 0
1 0 0 0 0 0 1 1 0 0 0 1 1 0
0 0 0 0 0 2 0 0 0 0 0 0 0 0
2 0 0 0 0 0 0 2 0 0 0 1 1 0
0 0 0 0 0 1 0 0 0 0 0 0 0 0
1 0 0 0 0 1 0 1 0 0 0 0 0 0
0 0 0 0 0 0 1 0 0 0 0 0 2 0
0 1 0 0 0 0 2 0 1 0 0 0 1 0
1 0 0 0 0 0 0 1 0 0 0 0 0 0
0 0 0 0 0 0 1 0 0 0 0 0 0 0
1 0 0 0 0 0 0 1 0 0 0 0 0 0
0 0 0 0 0 1 0 0 0 0 0 0 1 0
1 0 0 0 0 0 0 1 0 0 0 0 0 0
0 0 0 0 0 1 0 0 0 0 0 0 0 0
0 0 0 0 0 1 1 0 0 0 0 0 2 0
0 0 0 0 0 1 1 0 0 0 0 0 0 1
0 0 0 0 0 1 1 0 0 0 0 0 0 0
0 0 0 0 0 0 1 0 0 0 0 0 1 0
0 0 0 0 0 0 0 0 0 1 0 0 0 1
0 0 0 0 0 0 2 0 0 0 0 0 1 0
0 0 0 0 0 0 1 0 0 0 0 0 1 0
1 0 0 0 0 0 0 1 0 0 0 0 0 0
0 0 0 0 0 1 0 0 0 0 0 0 0 0
0 0 0 0 0 0 1 0 0 0 0 0 0 0
0 0 0 0 0 1 1 0 0 0 0 0 0 0
1 0 0 0 0 1 0 1 0 0 0 0 0 0
0 0 0 0 0 1 0 0 0 0 0 0 0 0
0 0 0 0 0 2 0 0 0 0 0 0 0 0
0 0 0 0 0 0 1 0 0 1 0 0 1 1
0 0 0 0 0 0 1 0 0 0 0 1 1 0
0 0 0 0 0 0 0 0 0 0 0 0 0 0
1 0 0 0 0 0 0 1 0 0 0 0 0 0
0 0 0 0 0 0 1 0 0 0 0 0 1 0
1 0 0 0 0 1 0 1 0 0 0 0 0 0
0 0 0 0 0 0 2 0 0 0 0 0 1 0
0 0 0 0 0 0 2 0 0 0 0 0 0 0
0 0 0 0 0 1 1 0 0 0 0 0 0 0
1 0 0 0 1 0 0 1 0 0 0 0 0 0
1 0 0 0 0 0 0 1 0 0 0 0 1 0
0 0 0 0 0 0 2 0 0 0 0 1 2 0
0 0 0 0 0 0 2 0 0 0 0 0 0 0
0 0 0 0 0 1 1 0 0 0 0 0 1 0
0 0 0 0 0 1 1 0 0 0 0 0 0 0
0 0 0 0 0 2 0 0 0 0 0 1 2 0
0 0 0 0 0 0 0 0 0 0 0 0 0 0
1 0 0 0 0 0 1 1 0 0 0 0 1 0
1 0 0 0 0 0 1 1 0 0 0 0 1 0
0 0 0 0 0 0 1 0 0 1 0 0 0 0
0 0 0 0 0 2 0 0 0 0 0 0 0 0
1 0 0 0 0 1 0 1 0 0 0 0 0 0
1 0 0 0 0 0 1 1 0 0 0 1 1 0
0 0 0 0 0 1 0 0 0 0 0 0 0 0
0 0 0 0 0 2 0 0 0 0 0 1 1 0
0 0 0 0 0 0 1 0 0 1 1 0 1 0
1 0 0 0 0 1 0 1 0 0 0 0 0 0
1 0 0 0 0 1 0 1 0 0 0 0 0 0
0 0 0 0 0 0 2 0 0 0 0 0 1 0
1 0 0 0 0 1 0 1 0 0 0 0 0 0
0 0 0 0 0 1 0 0 0 0 0 0 1 0
0 0 0 0 0 0 2 0 0 0 0 0 1 0
1 0 0 0 0 1 0 1 0 0 0 0 0 0
1 0 0 0 0 0 1 1 0 0 0 0 1 0
0 0 0 0 0 0 0 0 0 0 0 0 1 0
0 0 0 0 0 0 2 0 0 0 0 1 1 0
0 0 0 0 0 0 1 0 0 0 0 0 0 0
1 0 0 0 0 1 0 1 0 0 0 1 1 0
1 0 0 0 0 0 1 1 0 0 0 0 0 0
0 0 0 0 0 0 1 0 0 0 0 0 0 0
0 0 0 0 0 0 0 0 0 0 0 0 0 0
1 0 0 0 0 0 0 1 0 0 0 0 1 0
2 0 0 0 0 0 0 2 0 0 0 0 0 0
0 0 0 0 0 1 0 0 0 0 0 0 0 0
1 0 0 0 0 0 0 1 0 0 0 0 0 0
0 0 0 0 0 1 1 0 0 0 0 0 2 0
0 0 0 0 0 1 1 0 0 0 0 0 0 0
1 0 0 0 0 0 1 1 0 0 0 0 0 0
0 0 0 0 0 0 1 0 0 0 0 0 2 0
0 0 0 0 0 1 1 0 0 0 0 0 0 0
0 0 0 0 0 0 2 0 0 0 0 0 1 0
0 0 0 0 0 1 1 0 0 0 0 0 1 0
1 1 0 0 0 0 1 1 1 0 0 0 0 0
0 0 0 0 0 0 1 0 0 0 0 0 1 0
0 0 0 0 0 1 1 0 0 0 0 0 1 0
0 0 0 0 0 0 1 0 0 0 0 1 1 0
0 0 0 0 0 0 0 0 0 0 0 0 1 0
0 0 0 0 0 1 0 0 0 0 0 0 1 0
0 0 0 0 0 1 0 0 0 1 0 0 0 1
1 0 0 0 0 0 0 1 0 0 0 0 0 0
0 0 0 0 0 0 0 0 0 0 0 0 0 0
0 0 0 0 0 0 2 0 0 0 0 0 1 0
1 0 0 0 0 0 1 1 0 0 0 0 0 0
1 0 0 0 0 0 1 1 0 0 0 0 1 0
