1.43563164286893
2.92269602886908
0.566931868078875
4.85150512931467
0.152558201837406
2.95227006203046
-0.322942099969161
0.775308497440889
2.40059891416434
0.320380120713404
-1.25939847346702
3.13709741393049
-0.78555307898221
2.74806909344491
4.625141376898
-2.32660956989579
-0.940608380161001
0.753602697059675
0.873524103417555
1.40611002744319
0.370523009941779
5.15227764735769
0.86408893099437
1.34534303669923
0.841317257652385
1.59313969754054
1.22702925863529
0.67684080644907
3.4589811028053
3.55997647466236
2.21137310719715
-0.439304645175355
1.27195368375746
1.53698542870856
4.39031528084223
1.98872069327148
1.22155677003935
3.61287061284932
3.59902692636327
4.53243151010192
-0.443407523082998
3.1742017983025
-0.427306539876659
1.54235452529346
0.665657376877153
1.53523039961491
2.27851856295413
0.787549088232385
2.56660991888962
1.12401345049912
1.16222250104111
3.393995894369
3.14903876349493
4.32247821678034
5.8429383394944
1.64368425483715
2.31921006125145
2.43507363182621
2.46643842604876
-0.164238318436496
4.89151563478682
4.35374527944289
1.25733414099238
-0.893200838145662
1.10193833479442
3.31111236408238
0.1241475591263
2.81911262110543
0.572921125207104
2.24369064961708
2.82989226996117
2.3242341791898
3.10691748683504
2.62133062697073
3.7393089689004
2.12327171024325
0.0765538225716437
0.344449672010948
0.927914743215961
4.83152256717003
2.8610796404418
1.31999270403574
1.79554202960251
0.691334420340312
1.25130610574734
0.877157431671894
3.3745423747858
3.50545159395224
0.979298767430114
-1.19863904553582
4.42804903548525
0.94334665737494
3.24558988877149
-0.999614763123179
2.59151891964969
1.60456726853813
1.21003943437647
1.75022108085179
0.435487864643608
0.122106771778334
2.92955139396139
1.10054733488558
2.0323429904559
1.92554023113436
3.64961906675558
-0.623393018551389
0.97986879259664
0.930774915045477
1.58137224702541
4.25022917730456
2.82676696853584
6.087389670775
2.52286927669609
2.19077896578987
1.23552597694696
0.948007297866896
1.81310582055733
-0.49351652951924
2.01164340001493
1.53531062343551
1.02861894031026
2.11160283154081
-0.0838294026455373
1.00488225420133
1.59113048163636
1.24943644636087
0.953789371712528
0.472084595604748
5.06224882750938
0.474438158716086
3.14947873019164
2.1147026779118
1.4438588790827
2.1375345103506
3.30268214565198
2.51075712787487
0.571747006006708
2.53374350118664
0.39733438225642
1.61534662598505
0.873065720990086
3.22711379680471
0.505192913680106
1.53105230634993
0.883664375891963
3.05886041514204
1.3110645642319
1.12442936589556
1.89380302040885
1.05961353437069
0.31034564538168
1.86392201244069
1.86297281501104
1.06918390815533
0.156514593008267
0.545707587661062
3.00756970877733
-0.676863907526146
1.0138323385752
0.600670039620989
4.47200949587004
2.42752953037663
0.110204866527533
1.70646391447981
2.5200046931791
1.2339238341726
-1.61496199002254
0.79871936854973
0.117610260876351
1.98169874526243
2.90908174476777
0.646277024651806
-0.0883398991667375
4.24614362177128
0.381334985123734
1.1147563652979
3.61071272647493
1.70118552006604
2.0494845858185
0.125826437980889
1.67437029079686
4.18902385517451
0.180496141403093
2.13962498667235
2.21753354987051
0.134625445974206
3.71540377617804
0.38408043730384
1.09940745653707
2.21758290753015
2.38249308831841
1.50901144180937
4.69819588391893
0.795715928920665
1.4088290627161
0.174082989453038
1.62049747730004
0.426275568522987
1.27340411104323
0.178556106535151
-0.616756331030918
0.284395296228853
0.592330291515112
1.51341298740073
3.91168300649755
1.20351540107215
4.15752706962388
1.47881198182279
3.0803958708346
2.39165786667076
1.03729006062334
2.21624874294261
1.84342695379311
0.848322114834265
1.61824176471335
2.31121399026768
3.92892360748756
0.5465210001501
-0.576634613259135
1.54891659387814
-0.228067925463574
-1.65555301704697
0.90202630084315
3.48891771698732
4.57235622262572
2.07251496113448
-0.341752719979628
0.561014031168568
1.60460214459665
0.168398630287843
3.71884256572949
0.70890716830883
1.11445565658982
0.504550209333223
2.37854395589506
1.30433118011256
-0.207423098944149
6.98545045383344
5.81182071665878
-0.247381754730262
-0.896254797931747
3.64908276349723
1.49236611048387
1.36174936357015
0.275112329618107
1.89043356935805
3.04692652299504
-1.09925629929698
-0.689584787603027
1.99792570297344
1.39466772959788
0.504306733817954
0.69354319736426
1.36856025611848
0.309700872472748
3.9461995002553
1.42290527686718
1.99380298698899
0.868575421287012
-0.0187457657272732
2.60611072925462
0.217467219299203
2.45415996662507
0.354374994911659
0.0486086193488104
3.17583119923613
0.979677387899432
0.3316178945327
2.50482744997838
1.63812004219023
3.59212387837703
0.930332217408597
1.767416824012
3.50013709101542
3.9471066183823
2.30079140483012
3.03661032844825
0.174471100941457
0.0549131578805795
2.65707590465017
0.71972757714228
1.84884027000478
1.30025432991655
3.0698005295878
0.326318139438037
1.55806702328764
-0.116847530082679
-0.48657864573884
1.15911379365067
-0.370479134087592
-0.172615321896868
2.20335095393828
1.89967786912375
0.426582401912439
2.00062142281178
0.669046631586246
2.18303254634233
2.0665721712135
0.999767453170159
1.30811567724258
2.40532076862785
2.72286446358676
0.48678276586155
1.71610869074722
-0.204096216448214
2.07230399141354
1.07025253511914
1.24923809895975
1.02301674688282
2.42698170776221
0.154118457834224
0.682661154008004
1.53871476442145
1.39640175795388
3.59055741785558
0.054090393560328
2.21167948681884
3.76053165146232
0.0425016419982702
0.63866109328129
1.04313873037397
1.78072837654696
4.05331602168174
2.73453663808217
1.79742026681342
1.16326985600291
0.315611747398854
2.69236912542161
0.971703880982674
0.597811386462396
0.592654339849387
0.980525634224793
3.95070506559504
1.61149666500595
0.520694792937461
1.16267947538814
2.97309242272553
1.50872093540992
1.46239194850546
1.50420977032969
3.03123830185864
0.645456752455212
2.28382185408249
2.13610275122445
2.5592770333139
0.889944144118642
4.65184303656277
5.83443039625598
0.92981939389139
0.93684632517032
-0.529398261876514
1.3856014504358
0.910977223356085
1.8186162794839
0.262627494538206
0.852093309152219
1.99780417302166
2.88210948215821
4.03015721220817
1.29416222272069
0.974376390169385
3.42980471060296
1.81925820059205
0.808274876641411
1.76909322107323
1.11373023183868
2.94651898883543
1.18106162937335
3.56829231670279
5.81969241475634
2.1057478917478
1.29827076283597
0.777214329305368
0.216273273835191
-1.85004538192672
0.820990596171986
1.25637640583757
1.98371215337304
0.286256982503567
2.16256182256666
1.9675104279801
3.27381826097538
1.59302775267468
-0.74599818444957
1.85590692593175
4.69955093681229
1.67697671408954
3.21136490471736
5.31054413344232
0.37033724125836
1.89302663433215
6.30186251145762
4.77093391341618
4.40230687312231
1.53295073306885
0.357972135729377
0.070532844937408
-0.0937222678190162
0.12229837641968
-0.437143531488062
0.92807358789627
2.45841398363712
1.44590853227372
0.394136827794254
1.11621321148113
0.374454299394054
0.646115001314632
1.76841522357364
1.23858498063591
1.4197060548549
0.98151026087714
2.67377121700997
1.83579240743061
3.75157779807611
1.7122811561686
0.905900711525523
4.21764584968841
0.269826096613104
1.6777234036424
0.848830211033222
2.00056092425344
1.87850391679278
2.3709214996519
1.53062161902912
0.367481621573104
0.214800573056852
-0.648227872363514
1.53267982218642
2.03589730074201
1.10934876715777
4.22594169586074
0.637404348774938
0.188594730937026
0.882684769962003
0.0354394003017885
1.56102095231574
1.00950016781491
2.28333296048134
1.0879755475713
1.88104320246567
1.61995500985978
1.00638855385333
3.00666000314426
3.79478202439224
2.08453193426983
4.93695850036406
0.72251398514422
1.25583682214107
2.73390457736915
4.10410732186495
0.332280425044994
-0.184899534562344
1.89570999926041
3.95433310247044
3.71818141983998
1.34349604911637
6.62098860546219
2.70680759050493
1.0069763390804
-0.576893122257787
3.22468323024976
-1.01328883062579
0.69631584178468
3.22643447588584
0.78430567333238
0.460403627153214
0.889908747880024
3.51004838909715
0.805527829331206
2.2417652994858
1.00907637294379
1.623345534456
1.32184571925804
2.0683786108299
1.08533819839794
-0.224616972374702
3.16477543192837
2.9646478968051
0.989952832650744
0.895923064553346
4.56402490036363
2.14553063943887
0.52854698639962
0.425851566610762
4.16797640994882
1.13101328637994
0.826146821696763
1.54706787867805
3.01132127670346
5.28908334771368
1.09172815290072
2.26895399949935
1.1113415458285
0.422967250623129
0.601255361994839
3.00295891427604
3.33642871323506
1.86827057267948
0.404726514666827
-0.17201070383652
